Building FQE Hamiltonian
Eigen values of input matrix (numpy): 
 [-245.44575437 -345.60785104 -348.28423281 -358.74923853 -357.31569962
 -357.87260915 -439.90491225 -442.10410908 -444.7302703  -444.99767282
 -444.99829991 -462.20962105 -459.86316405 -461.48552607 -460.31486792
 -461.18580172 -461.05427171 -460.99156078 -460.86386685 -450.57873027
 -451.14747095 -452.00744635 -454.55884823 -453.65958479 -453.7117828
 -453.698131   -453.16816366]
Qubit Hamiltonian: 
No. Qubits:  5 No.terms:  528
Eigen values of qubit matrix (openfermion): 
 [-4.62209621e+02 -4.61485526e+02 -4.61185802e+02 -4.61054272e+02
 -4.60991561e+02 -4.60863867e+02 -4.60314868e+02 -4.59863164e+02
 -4.54558848e+02 -4.53711783e+02 -4.53698131e+02 -4.53659585e+02
 -4.53168164e+02 -4.52007446e+02 -4.51147471e+02 -4.50578730e+02
 -4.44998300e+02 -4.44997673e+02 -4.44730270e+02 -4.42104109e+02
 -4.39904912e+02 -3.58749239e+02 -3.57872609e+02 -3.57315700e+02
 -3.48284233e+02 -3.45607851e+02 -2.45445754e+02 -1.79969501e-13
 -9.56256681e-14 -8.56624786e-14  2.60856362e-14  5.75973058e-14]

Finished.
