  -461.020407923850                          0                     0
  4.276399608694161E-002                     1                     0
  -444.877443500907                          1                     1
 -2.036656143137916E-002                     2                     0
  0.310406149701959                          2                     1
  -453.685321131310                          2                     2
  3.373458844956926E-002                     3                     0
  4.396548297000864E-003                     3                     1
 -4.460038422655801E-003                     3                     2
  -461.020407923849                          3                     3
  4.396548297000888E-003                     4                     0
  0.129728989125915                          4                     1
  2.419692452923031E-002                     4                     2
  4.276399608694116E-002                     4                     3
  -444.877443500907                          4                     4
 -4.460038422655739E-003                     5                     0
  2.419692452923014E-002                     5                     1
  1.709120059640796E-002                     5                     2
 -2.036656143138818E-002                     5                     3
  0.310406149701948                          5                     4
  -453.685321131310                          5                     5
  2.264564817902395E-002                     6                     0
  3.638227702621488E-003                     6                     1
 -3.481510622968051E-003                     6                     2
  2.264564817902395E-002                     6                     3
  3.638227702621484E-003                     6                     4
 -3.481510622968022E-003                     6                     5
  -462.190531278179                          6                     6
  3.562129786391278E-002                     7                     0
  3.845399022542070E-003                     7                     1
 -4.295440909809782E-003                     7                     2
  3.562129786391278E-002                     7                     3
  3.845399022542065E-003                     7                     4
 -4.295440909809736E-003                     7                     5
  0.135098762792986                          7                     6
  -460.855525937532                          7                     7
  0.108353114620151                          8                     0
  1.025848116394077E-002                     8                     1
 -1.110213517528622E-002                     8                     2
  0.108353114620151                          8                     3
  1.025848116394076E-002                     8                     4
 -1.110213517528609E-002                     8                     5
  6.428610932923434E-002                     8                     6
  0.112382734689465                          8                     7
  -459.986163627664                          8                     8
  4.430489771975356E-003                     9                     0
  0.129595450499621                          9                     1
  2.406615946063839E-002                     9                     2
  4.430489771975327E-003                     9                     3
  0.129595450499621                          9                     4
  2.406615946063823E-002                     9                     5
  2.613623958247214E-002                     9                     6
  2.510309144052122E-002                     9                     7
  1.119188046185094E-002                     9                     8
  -444.879379943005                          9                     9
  1.067197205728002E-002                    10                     0
  0.442240322790229                         10                     1
  6.248997867819662E-002                    10                     2
  1.067197205727995E-002                    10                     3
  0.442240322790229                         10                     4
  6.248997867819607E-002                    10                     5
  9.082101850398332E-003                    10                     6
  9.396459086413188E-003                    10                     7
  2.784338245269861E-002                    10                     8
  0.441493702114103                         10                     9
  -440.040456927976                         10                    10
  7.741642931915200E-003                    11                     0
  0.127323899693109                         11                     1
  4.435711289314267E-002                    11                     2
  7.741642931915142E-003                    11                     3
  0.127323899693109                         11                     4
  4.435711289314249E-002                    11                     5
  6.040607080727046E-003                    11                     6
  5.988449010973056E-003                    11                     7
  1.317338944129224E-002                    11                     8
  0.126965980717061                         11                     9
  0.289956443347308                         11                    10
  -245.482856239872                         11                    11
 -8.333152796862990E-003                    12                     0
 -1.870388637050211E-003                    12                     1
  1.294195150607284E-003                    12                     2
 -8.333152796862989E-003                    12                     3
 -1.870388637050208E-003                    12                     4
  1.294195150607277E-003                    12                     5
  1.562771930092854E-010                    12                     6
 -0.150764857437218                         12                     7
 -9.364198060207175E-003                    12                     8
 -3.285351022459258E-002                    12                     9
 -4.048930500660372E-003                    12                    10
 -4.190318392352429E-003                    12                    11
  -461.446030017870                         12                    12
  4.425609733544151E-002                    13                     0
  5.157750269096538E-003                    13                     1
 -5.670711147442855E-003                    13                     2
  4.425609733544152E-002                    13                     3
  5.157750269096530E-003                    13                     4
 -5.670711147442794E-003                    13                     5
 -4.014772420762869E-010                    13                     6
 -0.130354169394071                         13                     7
  9.686483619295350E-002                    13                     8
  1.122924770325959E-002                    13                     9
  1.414702871501855E-002                    13                    10
  6.966271011337091E-003                    13                    11
  7.492063083956552E-003                    13                    12
  -461.098237103363                         13                    13
 -4.814170702909518E-002                    14                     0
 -4.725432865042973E-003                    14                     1
  5.364097231804543E-003                    14                     2
 -4.814170702909518E-002                    14                     3
 -4.725432865042967E-003                    14                     4
  5.364097231804478E-003                    14                     5
  5.696982406507271E-002                    14                     6
 -0.197897890453450                         14                     7
 -0.155627530296387                         14                     8
  1.348538227672998E-003                    14                     9
 -1.233987607145712E-002                    14                    10
 -5.695888505411540E-003                    14                    11
  8.929614397649652E-002                    14                    12
  0.118812255859698                         14                    13
  -460.350180637326                         14                    14
 -3.218742583396123E-003                    15                     0
  1.805234023428799E-002                    15                     1
  1.265340740727127E-002                    15                     2
 -3.218742583396139E-003                    15                     3
  1.805234023428801E-002                    15                     4
  1.265340740727125E-002                    15                     5
 -1.120648504548960E-009                    15                     6
  3.371157701337835E-003                    15                     7
 -3.435297484975291E-003                    15                     8
  0.253502602314810                         15                     9
  4.731103703013179E-002                    15                    10
  3.465687009447907E-002                    15                    11
 -1.989554475137595E-003                    15                    12
  1.187342350906602E-002                    15                    13
  1.084353496528642E-002                    15                    14
  -454.447068226834                         15                    15
 -3.467327992980531E-003                    16                     0
  1.843229546856175E-002                    16                     1
  1.304895590372136E-002                    16                     2
 -3.467327992980546E-003                    16                     3
  1.843229546856177E-002                    16                     4
  1.304895590372133E-002                    16                     5
  6.264284656328470E-003                    16                     6
 -7.331277665084273E-003                    16                     7
 -1.172541621842535E-002                    16                     8
  0.244365900503279                         16                     9
  4.712435871652210E-002                    16                    10
  3.273233905006798E-002                    16                    11
 -2.221700248218468E-003                    16                    12
  2.171622686803948E-003                    16                    13
  1.215739856921121E-002                    16                    14
  0.263271189280415                         16                    15
  -453.695112375706                         16                    16
  1.222113844418868E-003                    17                     0
 -3.200540726336592E-003                    17                     1
 -1.831869593577392E-003                    17                     2
  1.222113844418870E-003                    17                     3
 -3.200540726336595E-003                    17                     4
 -1.831869593577386E-003                    17                     5
 -6.238679498806013E-003                    17                     6
  8.447540031385792E-004                    17                     7
 -1.177920865214206E-002                    17                     8
 -6.634950918130433E-002                    17                     9
 -1.137306055441564E-002                    17                    10
 -5.918626515075214E-003                    17                    11
  2.398144041782935E-003                    17                    12
 -8.255724210124733E-004                    17                    13
  8.083853042402783E-003                    17                    14
 -0.130929739454203                         17                    15
  0.193344170576096                         17                    16
  -453.225651595592                         17                    17
  3.798437551701739E-003                    18                     0
 -1.867360464412787E-002                    18                     1
 -2.413917357731146E-002                    18                     2
  3.798437551701758E-003                    18                     3
 -1.867360464412790E-002                    18                     4
 -2.413917357731142E-002                    18                     5
 -4.326337864346552E-010                    18                     6
 -1.514457986333241E-003                    18                     7
 -5.183888278620690E-003                    18                     8
 -2.282538910053400E-002                    18                     9
 -8.155974084981801E-002                    18                    10
 -2.679701000945466E-002                    18                    11
  1.758655067089240E-002                    18                    12
  1.109435377464102E-002                    18                    13
 -2.015557822497074E-003                    18                    14
  1.260193498100033E-002                    18                    15
  2.822153139860072E-002                    18                    16
  6.672465774826317E-002                    18                    17
  -451.915784924072                         18                    18
 -4.822354668292999E-003                    19                     0
  2.416638872725580E-002                    19                     1
  3.023367578591872E-002                    19                     2
 -4.822354668293036E-003                    19                     3
  2.416638872725585E-002                    19                     4
  3.023367578591867E-002                    19                     5
 -7.935836899648024E-003                    19                     6
 -2.268301385373888E-002                    19                     7
  5.247779577549939E-003                    19                     8
  2.682509635689169E-002                    19                     9
  6.780653448902754E-002                    19                    10
  3.255074595751573E-002                    19                    11
  6.211775564109878E-003                    19                    12
  4.912573632441675E-004                    19                    13
  1.375803943086790E-002                    19                    14
  1.749061955021266E-002                    19                    15
  9.017140219433394E-002                    19                    16
  7.819047150684451E-002                    19                    17
  0.232146041999915                         19                    18
  -451.165990594043                         19                    19
 -1.342857653497271E-002                    20                     0
  6.731363309165146E-002                    20                     1
  7.975154402501289E-002                    20                     2
 -1.342857653497280E-002                    20                     3
  6.731363309165157E-002                    20                     4
  7.975154402501275E-002                    20                     5
 -2.321714042204610E-003                    20                     6
 -7.244224135717031E-003                    20                     7
 -1.054051222885942E-002                    20                     8
  6.579412863160385E-002                    20                     9
  0.234494693463305                         20                    10
  8.678761296319133E-002                    20                    11
  1.097913949432070E-002                    20                    12
  4.851620524798766E-003                    20                    13
  7.720003351331755E-003                    20                    14
  5.169330547881507E-002                    20                    15
  6.145659104443912E-002                    20                    16
  2.128888139295315E-002                    20                    17
 -0.134788777987400                         20                    18
  0.203277837325891                         20                    19
  -450.651918384355                         20                    20
 -4.326286942762384E-005                    21                     0
 -5.984231395004416E-003                    21                     1
 -1.110756901814254E-003                    21                     2
 -4.326286942762257E-005                    21                     3
 -5.984231395004419E-003                    21                     4
 -1.110756901814246E-003                    21                     5
  1.375952892006288E-002                    21                     6
 -1.612312537381529E-002                    21                     7
  9.375947730857695E-003                    21                     8
 -9.148283960862137E-002                    21                     9
 -6.267426748684837E-002                    21                    10
 -3.330038648045869E-003                    21                    11
  2.465829403350840E-003                    21                    12
  3.403712521654841E-002                    21                    13
  2.843186373059394E-002                    21                    14
  7.568109897124289E-002                    21                    15
 -7.168432866499161E-002                    21                    16
 -0.219730674396226                         21                    17
 -0.184948838178530                         21                    18
 -0.177872683234919                         21                    19
  5.131626798547114E-002                    21                    20
  -442.117350875746                         21                    21
 -1.325511538512134E-003                    22                     0
 -8.823146871077343E-003                    22                     1
 -5.616053501862883E-003                    22                     2
 -1.325511538512128E-003                    22                     3
 -8.823146871077351E-003                    22                     4
 -5.616053501862877E-003                    22                     5
  2.765909307145265E-010                    22                     6
  6.163823115526843E-004                    22                     7
  1.291205980924611E-004                    22                     8
 -9.621680407561986E-003                    22                     9
  9.461565711822375E-003                    22                    10
  0.120099175929963                         22                    11
 -2.855199155287003E-003                    22                    12
 -3.331376239978454E-003                    22                    13
 -1.186424606539702E-003                    22                    14
  5.315994727873787E-003                    22                    15
  1.534716399623142E-003                    22                    16
  7.076465134202835E-003                    22                    17
  8.024097984582174E-003                    22                    18
  1.695893481267879E-003                    22                    19
  2.577327909200438E-003                    22                    20
 -4.504673361260895E-003                    22                    21
  -358.635312710944                         22                    22
  1.680234442704471E-003                    23                     0
  1.128057768078745E-002                    23                     1
  7.139499551803132E-003                    23                     2
  1.680234442704463E-003                    23                     3
  1.128057768078746E-002                    23                     4
  7.139499551803124E-003                    23                     5
  1.095681855719073E-003                    23                     6
  5.715266511739115E-003                    23                     7
 -9.838061471791090E-004                    23                     8
  1.173579947560657E-002                    23                     9
 -1.199030819975723E-002                    23                    10
 -0.143493022490830                         23                    11
 -2.578861624813434E-003                    23                    12
 -1.498324049338574E-003                    23                    13
 -3.088819736228991E-003                    23                    14
  5.761366322847830E-003                    23                    15
  1.841909196063488E-002                    23                    16
  8.138156007822027E-003                    23                    17
  1.751406086171708E-003                    23                    18
  7.402700354022268E-003                    23                    19
 -3.762234792118064E-003                    23                    20
 -4.057499514741604E-003                    23                    21
  0.255315062414063                         23                    22
  -357.886424216040                         23                    23
  4.432555333808525E-003                    24                     0
  3.025730391776910E-002                    24                     1
  1.883911424311345E-002                    24                     2
  4.432555333808503E-003                    24                     3
  3.025730391776913E-002                    24                     4
  1.883911424311342E-002                    24                     5
  2.059326136139497E-003                    24                     6
  2.312966696733055E-003                    24                     7
  1.931223461739420E-003                    24                     8
  2.993060024650168E-002                    24                     9
 -3.131449266857623E-002                    24                    10
 -0.387190715313631                         24                    11
 -3.658830493780375E-003                    24                    12
 -5.217745143672823E-004                    24                    13
 -1.402505271713084E-003                    24                    14
  1.292720591403150E-002                    24                    15
  1.440937038193335E-002                    24                    16
  6.765716362667719E-003                    24                    17
  2.473804500890820E-003                    24                    18
 -3.844534381679212E-003                    24                    19
 -1.019268843776983E-003                    24                    20
  2.147218338080867E-003                    24                    21
 -0.146476244537880                         24                    22
  0.209490059966469                         24                    23
  -357.375193895135                         24                    24
 -1.105673471294673E-004                    25                     0
 -2.616324416814042E-003                    25                     1
 -7.584294141783150E-004                    25                     2
 -1.105673471294664E-004                    25                     3
 -2.616324416814043E-003                    25                     4
 -7.584294141783120E-004                    25                     5
  7.873862846494804E-004                    25                     6
 -9.304849504810216E-004                    25                     7
  5.697435472823515E-004                    25                     8
 -2.149991559422225E-002                    25                     9
  3.299629903112959E-003                    25                    10
  7.510721245645874E-003                    25                    11
  2.181695710504901E-004                    25                    12
  1.826616843441663E-003                    25                    13
  1.365458995627377E-003                    25                    14
  1.473640923992279E-003                    25                    15
 -7.686759982843492E-003                    25                    16
 -1.115802610581418E-002                    25                    17
 -1.338244018049847E-002                    25                    18
 -1.201054622628112E-002                    25                    19
  3.412786116891068E-003                    25                    20
  8.377486386503125E-002                    25                    21
 -0.330077588495509                         25                    22
 -0.313609714328216                         25                    23
  7.563488058056153E-002                    25                    24
  -348.305039315482                         25                    25
 -7.084725810489276E-003                    26                     0
 -0.195905181667614                         26                     1
 -5.321097844505585E-002                    26                     2
 -7.084725810489213E-003                    26                     3
 -0.195905181667614                         26                     4
 -5.321097844505561E-002                    26                     5
 -3.746105082115669E-003                    26                     6
 -2.919671688628932E-003                    26                     7
  6.124149096497134E-003                    26                     8
 -0.195369753264414                         26                     9
  0.134884757648154                         26                    10
   1.86237450059427                         26                    11
  6.792799503149621E-003                    26                    12
  1.420725642781882E-003                    26                    13
 -4.612650972659152E-003                    26                    14
 -4.173020399657540E-002                    26                    15
 -3.882539889025689E-002                    26                    16
  9.342433359390627E-003                    26                    17
 -1.355186111656765E-002                    26                    18
  1.379067431934840E-002                    26                    19
  4.102541746179234E-002                    26                    20
  5.224651542154918E-003                    26                    21
  0.133843353908727                         26                    22
 -0.140261695093677                         26                    23
 -0.412281832981508                         26                    24
  5.946852527154810E-002                    26                    25
  -345.592934171390                         26                    26
